1709594845126 0.02 500
1709595000300 0.03 1000
1709595169408 0.03 1000
1709595324783 0.05 1500
1709595480115 0.06 2000
1709595644995 0.06 2000
1709595797993 0.08 2500
1709595951092 0.1 3000
1709596123735 0.1 3000
1709596280482 0.11 3500
1709596437988 0.13 4000
1709596606989 0.13 4000
1709596762355 0.15 4500
1709596921269 0.16 5000
1709597087865 0.16 5000
1709597242359 0.18 5500
1709597396710 0.19 6000
1709597563228 0.19 6000
1709597717663 0.21 6500
1709597871373 0.23 7000
1709598033716 0.23 7000
1709598186708 0.24 7500
1709598339662 0.26 8000
1709598502009 0.26 8000
1709598654984 0.27 8500
1709598808373 0.29 9000
