1709594845126 0.0001 500
1709595000300 9.835666863866431e-05 1000
1709595324783 9.67133372773286e-05 1500
1709595480115 9.507000591599291e-05 2000
1709595797993 9.34266745546572e-05 2500
1709595951092 9.17833431933215e-05 3000
1709596280482 9.01400118319858e-05 3500
1709596437988 8.849668047065011e-05 4000
1709596762355 8.685663577203708e-05 4500
1709596921269 8.521330441070138e-05 5000
1709597242359 8.356997304936568e-05 5500
1709597396710 8.192664168802998e-05 6000
1709597717663 8.028659698941695e-05 6500
1709597871373 7.864326562808126e-05 7000
1709598186708 7.699993426674555e-05 7500
1709598339662 7.535660290540984e-05 8000
1709598654984 7.371655820679682e-05 8500
1709598808373 7.207322684546112e-05 9000
