1709530934558 0.03 500
1709531074239 0.07 1000
1709531135409 0.07 1000
1709531274815 0.1 1500
1709531414034 0.13 2000
1709531475244 0.13 2000
1709531614565 0.17 2500
1709531753736 0.2 3000
1709531814937 0.2 3000
1709531954092 0.23 3500
1709532092043 0.27 4000
1709532152427 0.27 4000
1709532290506 0.3 4500
1709532428462 0.34 5000
1709532488834 0.34 5000
1709532626915 0.37 5500
1709532764862 0.4 6000
1709532825227 0.4 6000
1709532963262 0.44 6500
1709533101188 0.47 7000
1709533161560 0.47 7000
1709533299620 0.5 7500
1709533437568 0.54 8000
1709533497943 0.54 8000
1709533635998 0.57 8500
1709533773965 0.6 9000
1709533834342 0.6 9000
1709533972388 0.64 9500
1709534110295 0.67 10000
1709534170660 0.67 10000
1709534308714 0.7 10500
1709534446612 0.74 11000
1709534506984 0.74 11000
1709534645021 0.77 11500
1709534782892 0.8 12000
1709534843258 0.8 12000
1709534981275 0.84 12500
1709535119213 0.87 13000
1709535179585 0.87 13000
1709535317617 0.91 13500
1709535455571 0.94 14000
1709535515941 0.94 14000
1709535654019 0.97 14500
1709535791859 1.01 15000
1709535852231 1.01 15000
1709535990260 1.04 15500
1709536128261 1.07 16000
1709536188633 1.07 16000
1709536326671 1.11 16500
1709536464642 1.14 17000
1709536525022 1.14 17000
1709536663044 1.17 17500
1709536801039 1.21 18000
1709536861413 1.21 18000
1709536999455 1.24 18500
1709537137431 1.27 19000
1709537197800 1.27 19000
1709537335813 1.31 19500
1709537473797 1.34 20000
1709537534169 1.34 20000
1709537672224 1.37 20500
1709537810192 1.41 21000
1709537870565 1.41 21000
1709538008602 1.44 21500
1709538146501 1.48 22000
1709538206880 1.48 22000
1709538344909 1.51 22500
1709538482848 1.54 23000
1709538543229 1.54 23000
1709538681245 1.58 23500
1709538819235 1.61 24000
1709538879612 1.61 24000
1709539017661 1.64 24500
1709539155674 1.68 25000
1709539216055 1.68 25000
1709539354116 1.71 25500
1709539492127 1.74 26000
1709539552511 1.74 26000
1709539690546 1.78 26500
1709539828567 1.81 27000
1709539888945 1.81 27000
1709540026990 1.84 27500
1709540164995 1.88 28000
1709540225361 1.88 28000
1709540363406 1.91 28500
1709540501382 1.94 29000
1709540561750 1.94 29000
1709540699769 1.98 29500
1709540790685 2.0 29830
