1709530934558 9.94e-05 500
1709531074239 9.83054892601432e-05 1000
1709531274815 9.660075008523697e-05 1500
1709531414034 9.489601091033072e-05 2000
1709531614565 9.319127173542448e-05 2500
1709531753736 9.148653256051825e-05 3000
1709531954092 8.9781793385612e-05 3500
1709532092043 8.807705421070577e-05 4000
1709532290506 8.637231503579952e-05 4500
1709532428462 8.46675758608933e-05 5000
1709532626915 8.296283668598705e-05 5500
1709532764862 8.125809751108081e-05 6000
1709532963262 7.955335833617456e-05 6500
1709533101188 7.784861916126833e-05 7000
1709533299620 7.614387998636209e-05 7500
1709533437568 7.443914081145585e-05 8000
1709533635998 7.27344016365496e-05 8500
1709533773965 7.102966246164338e-05 9000
1709533972388 6.932492328673713e-05 9500
1709534110295 6.76201841118309e-05 10000
1709534308714 6.591885441527447e-05 10500
1709534446612 6.421411524036822e-05 11000
1709534645021 6.2509376065462e-05 11500
1709534782892 6.0804636890555745e-05 12000
1709534981275 5.910330719399932e-05 12500
1709535119213 5.739856801909308e-05 13000
1709535317617 5.5693828844186844e-05 13500
1709535455571 5.39890896692806e-05 14000
1709535654019 5.2284350494374365e-05 14500
1709535791859 5.0583020797817936e-05 15000
1709535990260 4.88782816229117e-05 15500
1709536128261 4.7173542448005456e-05 16000
1709536326671 4.546880327309922e-05 16500
1709536464642 4.376747357654279e-05 17000
1709536663044 4.206273440163655e-05 17500
1709536801039 4.035799522673031e-05 18000
1709536999455 3.865325605182407e-05 18500
1709537137431 3.6951926355267647e-05 19000
1709537335813 3.524718718036141e-05 19500
1709537473797 3.354244800545517e-05 20000
1709537672224 3.184111830889874e-05 20500
1709537810192 3.01363791339925e-05 21000
1709538008602 2.843163995908626e-05 21500
1709538146501 2.672690078418002e-05 22000
1709538344909 2.502216160927378e-05 22500
1709538482848 2.3317422434367543e-05 23000
1709538681245 2.1612683259461304e-05 23500
1709538819235 1.9907944084555064e-05 24000
1709539017661 1.820661438799864e-05 24500
1709539155674 1.6501875213092395e-05 25000
1709539354116 1.4797136038186157e-05 25500
1709539492127 1.3092396863279918e-05 26000
1709539690546 1.1391067166723492e-05 26500
1709539828567 9.686327991817252e-06 27000
1709540026990 7.981588816911013e-06 27500
1709540164995 6.276849642004773e-06 28000
1709540363406 4.575519945448347e-06 28500
1709540501382 2.870780770542107e-06 29000
1709540699769 1.1660415956358678e-06 29500
