1709530934558 8.4247 500
1709531074239 4.8984 1000
1709531274815 4.2022 1500
1709531414034 3.9358 2000
1709531614565 3.7887 2500
1709531753736 3.6744 3000
1709531954092 3.5887 3500
1709532092043 3.5247 4000
1709532290506 3.471 4500
1709532428462 3.4254 5000
1709532626915 3.3761 5500
1709532764862 3.3501 6000
1709532963262 3.322 6500
1709533101188 3.2993 7000
1709533299620 3.2738 7500
1709533437568 3.2482 8000
1709533635998 3.2234 8500
1709533773965 3.2126 9000
1709533972388 3.1936 9500
1709534110295 3.1773 10000
1709534308714 3.1557 10500
1709534446612 3.1516 11000
1709534645021 3.1339 11500
1709534782892 3.1301 12000
1709534981275 3.1141 12500
1709535119213 3.1063 13000
1709535317617 3.0942 13500
1709535455571 3.0846 14000
1709535654019 3.0785 14500
1709535791859 3.0708 15000
1709535990260 3.0563 15500
1709536128261 3.0506 16000
1709536326671 3.0367 16500
1709536464642 3.0357 17000
1709536663044 3.0275 17500
1709536801039 3.0194 18000
1709536999455 3.0117 18500
1709537137431 3.0061 19000
1709537335813 3.0021 19500
1709537473797 2.9968 20000
1709537672224 2.9893 20500
1709537810192 2.9852 21000
1709538008602 2.9815 21500
1709538146501 2.9806 22000
1709538344909 2.9753 22500
1709538482848 2.9697 23000
1709538681245 2.9638 23500
1709538819235 2.97 24000
1709539017661 2.9602 24500
1709539155674 2.9643 25000
1709539354116 2.9536 25500
1709539492127 2.9534 26000
1709539690546 2.9472 26500
1709539828567 2.95 27000
1709540026990 2.9465 27500
1709540164995 2.9413 28000
1709540363406 2.9454 28500
1709540501382 2.9417 29000
1709540699769 2.9384 29500
