1709573721619 0.03 500
1709573761222 0.06 1000
1709573772665 0.06 1000
1709573812417 0.1 1500
1709573852565 0.13 2000
1709573863947 0.13 2000
1709573905191 0.16 2500
1709573945950 0.19 3000
1709573957251 0.19 3000
1709573996654 0.23 3500
1709574036039 0.26 4000
1709574047303 0.26 4000
1709574086845 0.29 4500
1709574126246 0.32 5000
1709574137559 0.32 5000
1709574176946 0.36 5500
1709574216325 0.39 6000
1709574227614 0.39 6000
1709574268770 0.42 6500
1709574308484 0.45 7000
1709574319962 0.45 7000
1709574359674 0.48 7500
1709574399321 0.52 8000
1709574410800 0.52 8000
1709574450897 0.55 8500
1709574490981 0.58 9000
1709574502483 0.58 9000
1709574543369 0.61 9500
