1709573721619 9.88e-05 500
1709573761222 9.66987436514301e-05 1000
1709573812417 9.33573910719059e-05 1500
1709573852565 9.001603849238171e-05 2000
1709573905191 8.667468591285754e-05 2500
1709573945950 8.333333333333334e-05 3000
1709573996654 7.999198075380915e-05 3500
1709574036039 7.665062817428496e-05 4000
1709574086845 7.330927559476076e-05 4500
1709574126246 6.996792301523657e-05 5000
1709574176946 6.662657043571237e-05 5500
1709574216325 6.328521785618818e-05 6000
1709574268770 5.9943865276664005e-05 6500
1709574308484 5.6602512697139807e-05 7000
1709574359674 5.3261160117615615e-05 7500
1709574399321 4.9919807538091424e-05 8000
1709574450897 4.657845495856723e-05 8500
1709574490981 4.3237102379043034e-05 9000
1709574543369 3.989574979951884e-05 9500
