1709600254876 0.02 500
1709600409674 0.03 1000
1709600573913 0.03 1000
1709600728923 0.05 1500
1709600883885 0.06 2000
1709601045543 0.06 2000
1709601198538 0.08 2500
1709601351506 0.1 3000
1709601512489 0.1 3000
1709601665502 0.11 3500
1709601818452 0.13 4000
1709601979487 0.13 4000
1709602132505 0.15 4500
1709602285450 0.16 5000
1709602446448 0.16 5000
1709602599457 0.18 5500
1709602752424 0.19 6000
1709602913398 0.19 6000
1709603066404 0.21 6500
1709603219366 0.23 7000
1709603380340 0.23 7000
1709603533342 0.24 7500
1709603686302 0.26 8000
1709603847264 0.26 8000
1709604000254 0.27 8500
1709604153208 0.29 9000
1709604314231 0.29 9000
1709604467241 0.31 9500
1709604620213 0.32 10000
1709604781239 0.32 10000
1709604934243 0.34 10500
1709605092747 0.36 11000
1709605257275 0.36 11000
1709605412209 0.37 11500
1709605567081 0.39 12000
1709605731557 0.39 12000
1709605886529 0.4 12500
1709606040974 0.42 13000
1709606201890 0.42 13000
1709606354882 0.44 13500
1709606512665 0.45 14000
1709606678288 0.45 14000
1709606833147 0.47 14500
1709606987494 0.49 15000
1709607150826 0.49 15000
1709607305218 0.5 15500
1709607459565 0.52 16000
1709607622810 0.52 16000
1709607776342 0.53 16500
1709607929289 0.55 17000
1709608090229 0.55 17000
1709608243228 0.57 17500
1709608396186 0.58 18000
1709608557153 0.58 18000
1709608710137 0.6 18500
1709608863090 0.61 19000
1709609024031 0.61 19000
1709609177014 0.63 19500
1709609329952 0.65 20000
1709609490895 0.65 20000
1709609643893 0.66 20500
1709609796862 0.68 21000
1709609957810 0.68 21000
1709610110798 0.7 21500
1709610263782 0.71 22000
1709610431342 0.71 22000
1709610590449 0.73 22500
1709610750476 0.74 23000
