1709600254876 0.0001 500
1709600409674 9.835666863866431e-05 1000
1709600728923 9.67133372773286e-05 1500
1709600883885 9.507000591599291e-05 2000
1709601198538 9.34266745546572e-05 2500
1709601351506 9.17833431933215e-05 3000
1709601665502 9.01400118319858e-05 3500
1709601818452 8.849668047065011e-05 4000
1709602132505 8.685663577203708e-05 4500
1709602285450 8.521330441070138e-05 5000
1709602599457 8.356997304936568e-05 5500
1709602752424 8.192664168802998e-05 6000
1709603066404 8.028659698941695e-05 6500
1709603219366 7.864326562808126e-05 7000
1709603533342 7.699993426674555e-05 7500
1709603686302 7.535660290540984e-05 8000
1709604000254 7.371655820679682e-05 8500
1709604153208 7.207322684546112e-05 9000
1709604467241 7.042989548412542e-05 9500
1709604620213 6.878656412278972e-05 10000
1709604934243 6.71465194241767e-05 10500
1709605092747 6.550318806284099e-05 11000
1709605412209 6.38598567015053e-05 11500
1709605567081 6.22165253401696e-05 12000
1709605886529 6.057648064155657e-05 12500
1709606040974 5.893314928022087e-05 13000
1709606354882 5.728981791888517e-05 13500
1709606512665 5.564648655754947e-05 14000
1709606833147 5.400644185893644e-05 14500
1709606987494 5.236311049760074e-05 15000
1709607305218 5.071977913626505e-05 15500
1709607459565 4.907644777492934e-05 16000
1709607776342 4.7436403076316314e-05 16500
1709607929289 4.579635837770328e-05 17000
1709608243228 4.415302701636758e-05 17500
1709608396186 4.2509695655031886e-05 18000
1709608710137 4.0866364293696186e-05 18500
1709608863090 3.922303293236048e-05 19000
1709609177014 3.7579701571024786e-05 19500
1709609329952 3.5936370209689086e-05 20000
1709609643893 3.429303884835338e-05 20500
1709609796862 3.265299414974036e-05 21000
1709610110798 3.100966278840465e-05 21500
1709610263782 2.9366331427068955e-05 22000
1709610590449 2.7723000065733255e-05 22500
1709610750476 2.6082955367120225e-05 23000
