1709600254876 7.8897 500
1709600409674 6.833 1000
1709600728923 6.058 1500
1709600883885 5.6279 2000
1709601198538 5.3186 2500
1709601351506 5.061 3000
1709601665502 4.8721 3500
1709601818452 4.7062 4000
1709602132505 4.5706 4500
1709602285450 4.4396 5000
1709602599457 4.331 5500
1709602752424 4.2207 6000
1709603066404 4.126 6500
1709603219366 4.0388 7000
1709603533342 3.9565 7500
1709603686302 3.8909 8000
1709604000254 3.8218 8500
1709604153208 3.7564 9000
1709604467241 3.7124 9500
1709604620213 3.6567 10000
1709604934243 3.6141 10500
1709605092747 3.5766 11000
1709605412209 3.5433 11500
1709605567081 3.5077 12000
1709605886529 3.4816 12500
1709606040974 3.4502 13000
1709606354882 3.4256 13500
1709606512665 3.4011 14000
1709606833147 3.3755 14500
1709606987494 3.3583 15000
1709607305218 3.3399 15500
1709607459565 3.3115 16000
1709607776342 3.3011 16500
1709607929289 3.2786 17000
1709608243228 3.2678 17500
1709608396186 3.2508 18000
1709608710137 3.2353 18500
1709608863090 3.2223 19000
1709609177014 3.2062 19500
1709609329952 3.1892 20000
1709609643893 3.1811 20500
1709609796862 3.1698 21000
1709610110798 3.1661 21500
1709610263782 3.1486 22000
1709610590449 3.1407 22500
1709610750476 3.1324 23000
