1709571686252 0.03 500
1709571708168 0.06 1000
1709571720631 0.06 1000
1709571742563 0.1 1500
1709571764395 0.13 2000
1709571776896 0.13 2000
1709571798964 0.16 2500
1709571820869 0.19 3000
1709571833384 0.19 3000
1709571855358 0.23 3500
1709571877250 0.26 4000
1709571889757 0.26 4000
1709571911732 0.29 4500
1709571933740 0.32 5000
1709571946252 0.32 5000
1709571968230 0.36 5500
1709571990182 0.39 6000
1709572002691 0.39 6000
1709572024705 0.42 6500
1709572046627 0.45 7000
1709572059126 0.45 7000
1709572081090 0.49 7500
1709572102994 0.52 8000
1709572115515 0.52 8000
1709572137506 0.55 8500
1709572159445 0.58 9000
1709572171960 0.58 9000
1709572193947 0.61 9500
1709572215859 0.65 10000
1709572228359 0.65 10000
1709572250329 0.68 10500
1709572272266 0.71 11000
1709572284798 0.71 11000
1709572306747 0.74 11500
1709572328733 0.78 12000
1709572341263 0.78 12000
1709572363297 0.81 12500
1709572385236 0.84 13000
1709572397765 0.84 13000
1709572419693 0.87 13500
1709572442204 0.91 14000
1709572455096 0.91 14000
1709572477611 0.94 14500
1709572499833 0.97 15000
1709572512519 0.97 15000
1709572534838 1.0 15500
1709572557135 1.03 16000
1709572569912 1.03 16000
1709572592196 1.07 16500
1709572614464 1.1 17000
1709572627290 1.1 17000
1709572649563 1.13 17500
1709572671803 1.16 18000
1709572684510 1.16 18000
1709572706798 1.2 18500
1709572729014 1.23 19000
1709572741754 1.23 19000
1709572764045 1.26 19500
1709572786351 1.29 20000
1709572799043 1.29 20000
