1709571686252 9.900000000000001e-05 500
1709571708168 9.837310195227766e-05 1000
1709571742563 9.672977059094196e-05 1500
1709571764395 9.508643922960626e-05 2000
1709571798964 9.344310786827057e-05 2500
1709571820869 9.179977650693486e-05 3000
1709571855358 9.015644514559917e-05 3500
1709571877250 8.851311378426346e-05 4000
1709571911732 8.686978242292776e-05 4500
1709571933740 8.522645106159206e-05 5000
1709571968230 8.358311970025637e-05 5500
1709571990182 8.193978833892066e-05 6000
1709572024705 8.029645697758497e-05 6500
1709572046627 7.865312561624926e-05 7000
1709572081090 7.700979425491357e-05 7500
1709572102994 7.536646289357786e-05 8000
1709572137506 7.372313153224217e-05 8500
1709572159445 7.207980017090646e-05 9000
1709572193947 7.043646880957077e-05 9500
1709572215859 6.879313744823506e-05 10000
1709572250329 6.714980608689937e-05 10500
1709572272266 6.550647472556368e-05 11000
1709572306747 6.386314336422797e-05 11500
1709572328733 6.221981200289226e-05 12000
1709572363297 6.0579767304279234e-05 12500
1709572385236 5.8936435942943534e-05 13000
1709572419693 5.7293104581607834e-05 13500
1709572442204 5.564977322027214e-05 14000
1709572477611 5.400972852165911e-05 14500
1709572499833 5.2366397160323414e-05 15000
1709572534838 5.0723065798987714e-05 15500
1709572557135 4.907973443765201e-05 16000
1709572592196 4.7439689739038987e-05 16500
1709572614464 4.579635837770328e-05 17000
1709572649563 4.415302701636758e-05 17500
1709572671803 4.2509695655031886e-05 18000
1709572706798 4.086965095641885e-05 18500
1709572729014 3.922631959508315e-05 19000
1709572764045 3.758298823374746e-05 19500
1709572786351 3.593965687241175e-05 20000
