1709571686252 7.9099 500
1709571708168 7.0267 1000
1709571742563 6.2263 1500
1709571764395 5.7768 2000
1709571798964 5.491 2500
1709571820869 5.2889 3000
1709571855358 5.1405 3500
1709571877250 5.0308 4000
1709571911732 4.9373 4500
1709571933740 4.8637 5000
1709571968230 4.7965 5500
1709571990182 4.7441 6000
1709572024705 4.6944 6500
1709572046627 4.6528 7000
1709572081090 4.6127 7500
1709572102994 4.5772 8000
1709572137506 4.5447 8500
1709572159445 4.5153 9000
1709572193947 4.4891 9500
1709572215859 4.4602 10000
1709572250329 4.4365 10500
1709572272266 4.4199 11000
1709572306747 4.3989 11500
1709572328733 4.381 12000
1709572363297 4.3693 12500
1709572385236 4.3444 13000
1709572419693 4.3305 13500
1709572442204 4.3139 14000
1709572477611 4.3015 14500
1709572499833 4.2921 15000
1709572534838 4.2776 15500
1709572557135 4.2626 16000
1709572592196 4.2511 16500
1709572614464 4.2381 17000
1709572649563 4.2306 17500
1709572671803 4.2192 18000
1709572706798 4.2114 18500
1709572729014 4.2038 19000
1709572764045 4.1941 19500
1709572786351 4.1807 20000
