1709575129436 0.03 500
1709575200344 0.06 1000
1709575219207 0.06 1000
1709575290396 0.1 1500
1709575360920 0.13 2000
1709575379726 0.13 2000
1709575450173 0.16 2500
1709575521731 0.19 3000
1709575540552 0.19 3000
1709575613288 0.23 3500
1709575684694 0.26 4000
1709575703498 0.26 4000
1709575774609 0.29 4500
1709575844974 0.32 5000
1709575864067 0.32 5000
1709575937778 0.36 5500
1709576008884 0.39 6000
1709576027653 0.39 6000
1709576098015 0.42 6500
1709576167682 0.45 7000
1709576186251 0.45 7000
1709576257195 0.48 7500
1709576327384 0.52 8000
1709576345943 0.52 8000
1709576416536 0.55 8500
1709576487293 0.58 9000
1709576506096 0.58 9000
1709576576830 0.61 9500
1709576647370 0.65 10000
1709576666268 0.65 10000
1709576736966 0.68 10500
1709576807750 0.71 11000
1709576826624 0.71 11000
1709576897362 0.74 11500
1709576968073 0.78 12000
1709576986983 0.78 12000
1709577058085 0.81 12500
1709577129067 0.84 13000
1709577147542 0.84 13000
1709577217044 0.87 13500
1709577287168 0.91 14000
1709577306315 0.91 14000
1709577377676 0.94 14500
1709577449113 0.97 15000
1709577467845 0.97 15000
1709577533647 1.0 15464
