1709575129436 9.900000000000001e-05 500
1709575200344 9.669206094627106e-05 1000
1709575290396 9.335070836674686e-05 1500
1709575360920 9.000935578722267e-05 2000
1709575450173 8.666800320769847e-05 2500
1709575521731 8.332665062817428e-05 3000
1709575613288 7.998529804865009e-05 3500
1709575684694 7.664394546912591e-05 4000
1709575774609 7.330259288960172e-05 4500
1709575844974 6.996124031007753e-05 5000
1709575937778 6.661988773055333e-05 5500
1709576008884 6.327853515102914e-05 6000
1709576098015 5.9937182571504944e-05 6500
1709576167682 5.659582999198075e-05 7000
1709576257195 5.325447741245656e-05 7500
1709576327384 4.991312483293237e-05 8000
1709576416536 4.657177225340818e-05 8500
1709576487293 4.3230419673883994e-05 9000
1709576576830 3.98890670943598e-05 9500
1709576647370 3.6547714514835605e-05 10000
1709576736966 3.320636193531141e-05 10500
1709576807750 2.9865009355787225e-05 11000
1709576897362 2.6523656776263034e-05 11500
1709576968073 2.3182304196738843e-05 12000
1709577058085 1.98476343223737e-05 12500
1709577129067 1.6506281742849507e-05 13000
1709577217044 1.3164929163325316e-05 13500
1709577287168 9.823576583801124e-06 14000
1709577377676 6.488906709435979e-06 14500
1709577449113 3.1475541299117887e-06 15000
