1709575129436 7.5392 500
1709575200344 5.7871 1000
1709575290396 5.1033 1500
1709575360920 4.8353 2000
1709575450173 4.6759 2500
1709575521731 4.5524 3000
1709575613288 4.4581 3500
1709575684694 4.3752 4000
1709575774609 4.3075 4500
1709575844974 4.244 5000
1709575937778 4.1859 5500
1709576008884 4.1345 6000
1709576098015 4.0878 6500
1709576167682 4.0431 7000
1709576257195 4.0042 7500
1709576327384 3.9651 8000
1709576416536 3.9353 8500
1709576487293 3.9052 9000
1709576576830 3.8781 9500
1709576647370 3.8561 10000
1709576736966 3.834 10500
1709576807750 3.8103 11000
1709576897362 3.7954 11500
1709576968073 3.7743 12000
1709577058085 3.764 12500
1709577129067 3.7544 13000
1709577217044 3.7405 13500
1709577287168 3.733 14000
1709577377676 3.7235 14500
1709577449113 3.7155 15000
